,keyword,keyword_count,keyword_count_rel,keyword_count_nerel
0,jaderne,4437,2455,1982
1,elektrarny,2879,1172,1707
2,dukovany,2317,696,1621
3,jaderna,2214,772,1442
4,jadernych,1953,1504,449
5,jadernou,1830,1413,417
6,elektrarna,1629,276,1353
7,jaderneho,1044,819,225
8,jaderny,907,683,224
9,dukovan,818,485,333
10,dukovanech,643,366,277
11,temelin,624,358,266
12,pro,541,308,233
13,bezpecnost,541,308,233
14,elektrarne,435,344,91
15,temeline,431,234,197
16,temelina,345,170,175
17,radioaktivni,344,136,208
18,jadernym,314,278,36
19,jadernymi,301,244,57
20,uradu,290,230,60
21,sujb,290,105,185
22,statniho,287,227,60
23,elektrarnu,274,199,75
24,statni,258,82,176
25,urad,258,82,176
26,httpforumczpodlezemanabysedanadrabovanemelaplestdojaderneenergetiky,219,49,170
27,nuklearni,191,122,69
28,zareni,166,156,10
29,odpady,164,8,156
30,jadernem,161,133,28
31,elektrarnach,140,114,26
32,httpsctceskatelevizeczekonomikadrabovarusovestavijaderneblokypomaluikdyzbezpecnedostavbadukovanse,130,128,2
33,odpadu,97,94,3
34,ionizujiciho,91,90,1
35,dukovansky,89,39,50
36,elektrarnami,72,64,8
37,odpad,72,55,17
38,cernobylu,67,62,5
39,havarie,60,55,5
40,ceske,59,49,10
41,dukovanska,59,27,32
42,havarii,55,45,10
43,elektrarnam,54,43,11
44,radioaktivniho,54,49,5
45,httpsctceskatelevizeczdomacizivotnostdukovansepodlebabisemohlaprodlouzitodesetletvyslonamiliard,52,21,31
46,ceskych,52,44,8
47,elektraren,49,42,7
48,radon,49,34,15
49,radiacni,48,43,5
50,cernobyl,48,43,5
51,httpsctceskatelevizeczsvetputinhrozievropemoznostijaderneodvetyprijmeliraketyusa,39,32,7
52,radioaktivnich,38,33,5
53,jaderni,38,26,12
54,temelinu,37,23,14
55,radioaktivity,35,27,8
56,httpszpravyidnesczputinraketyjadernaodvetaevroparuskousafnozahranicniaspxcazahranicniremy,35,25,10
57,httpswwwrespektczspolecnostnovakovahradstriktnetrvanastavbejadernychblokualemeneukoluje,34,33,1
58,elektrarnyjako,34,15,19
59,jadernemu,34,23,11
60,httpsekonomikaidnesczandrejbabisjadernaelektrarnadukovanyfpekonomikaaspxcaekonomikajn,33,15,18
61,radonu,32,31,1
62,nuklearnich,32,30,2
63,radioaktivita,32,27,5
64,radioaktivnim,32,26,6
65,httpforumczudalostizachranisedukovanyodruskeholobbinguzhradudrabovavidinadeji,32,20,12
66,fukusime,28,27,1
67,uloziste,28,27,1
68,zarenim,28,28,0
69,radiace,26,24,2
70,temelinatendr,26,19,7
71,httpforumczmezizemanemababisemtoskriperysujesesporodostavbudukovan,25,16,9
72,httptydenikpolicieczspecialnijednotkadukovanyziskaladikynadaciceznovevybavenizamilionkorun,23,13,10
73,httpsacczceskystatniuradprojadernoubezpecnostdavavevystavbeblokuprednostkorejcumredirectf,22,20,2
74,nehody,22,8,14
75,httpsarchivihnedczcprocmadarskypaksnenivzoremprotemelinruskovedetvrdouinformacnivalkuzadostavbuceskychjadernychelektraren,22,21,1
76,httpsbyznysihnedczcbloombergceskomuzeodlozitvystavbunovychjadernychblokunechcemerozhodovatpodtlakemrikaministrynenovakova,21,21,0
77,radiaci,20,18,2
78,odpadem,20,19,1
79,jadernej,19,11,8
80,suro,19,3,16
81,elektrarnou,18,17,1
82,httpsacczruskopohrozilojadernouodpovedpokudseobjevivevropenoveamerickeraketyredirectf,18,17,1
83,jadernyc,16,16,0
84,httpswwwnovinkyczzahranicnievropaputinhrozievropejadernouodvetouhtml,16,5,11
85,httpsacczzajakychokolnostipouzijemejadernezbraneputinpronesltvrdaslovaredirectf,16,16,0
86,httpsacczvkremluvysvetliliputinovaslovaojadernychzbranicharajiredirectf,16,16,0
87,httpsacczcnnnaslanastavenistinedalekokaliningradujadernybunkrredirectf,15,15,0
88,fukusima,15,15,0
89,kosmickym,15,15,0
90,httpszahranicniihnedczcputinpohrozilevropejadernouodvetoupokudbudesouhlasitsrozmistenimamerickychraketutmsourcemediafedutmmediumrssutmcampaignmediafed,15,14,1
91,nuklearnim,15,13,2
92,ozareni,14,13,1
93,httpsctceskatelevizeczdomacinejlepsireferencinadostavbujadernychblokumajijihokorejciminidrabova,14,12,2
94,nehode,14,10,4
95,httpswwwirozhlasczkomentaretemelinproczemanpolibekdanadrabovakomentarjirileschtinagol,14,8,6
96,jadernichrti,14,14,0
97,httpswwwinfoczenergetikaministerstvoprumyslucouvazvystavbyjadernychblokuzrejmeprojektodlozihtmlutmsourceonesignal,13,11,2
98,jadernaelektrarna,13,11,2
99,nehodlam,12,4,8
100,nuklearniho,12,12,0
101,httpswwwnovinkyczzahranicnievropajadernezbranepouzijemejenproodvetuagresorichcipnoumyskoncimevrajivzkazalputinhtml,12,2,10
102,radioaktivnimi,12,11,1
103,nehodi,11,9,2
104,kosmickeho,11,9,2
105,nehodu,11,9,2
106,httpsdomaciihnedczczivevysokahraojadromaceskorozsiritdukovanyatemelinsledujtespecialdvtv,11,3,8
107,httpsdeniknczpostavmejaderneblokynezekonomikazpomaliceskefirmynatomvydelajivyzyvazemanuvporadcenejedlyreftit,11,11,0
108,ozarovani,10,10,0
109,temelinem,10,9,1
110,httpswwwinfoczevropskaunieosnrehabilitovalajadernouenergetikuplannemcuseukazujejakonesmyslnyhtml,10,9,1
111,houby,10,9,1
112,izotopu,10,8,2
113,httpsdeniknczpostavmejaderneblokynezekonomikazpomaliceskefirmynatomvydelajivyzyvazemanuvporadcenejedlycstbeaafceccbcbfadec,9,9,0
114,dukovanske,9,8,1
115,spad,9,9,0
116,izotopy,9,9,0
117,httpswwweczbyznysprumyslaenergetikanejlepsipredpokladykestavbenovychjadernychblokumajihokorejskakhnpmyslisidrabova,9,9,0
118,mrak,8,8,0
119,nehodnotim,8,0,8
120,fukusimy,8,8,0
121,jadernicka,8,0,8
122,httpforumczudalostizivotnostdukovanbysepodlebabisemohlaprodlouzitodesetlet,8,4,4
123,ionizujici,8,8,0
124,radioaktivitou,8,8,0
125,nehodlali,7,1,6
126,spadu,7,7,0
127,httpseurozpravyczzahranicnievropaputinvyhrozujeevropejadernymutokem,7,7,0
128,nehoda,7,3,4
129,httpswwwkupredudominulosticzkollermartindhrozinamdvevelkanebezpecijadernavalkamezinatoaruskemaafroislamskainvaze,7,5,2
130,httpdenikreferendumczclanekotazkynajadernouenergiiktereuvaclavamoravcenezaznely,7,5,2
131,jadernaenergie,7,7,0
132,lekari,7,7,0
133,httpswwwnovinkyczclanekputinhrozievropejadernouodvetou,7,0,7
134,fukusimu,6,6,0
135,radioaktivite,6,6,0
136,radioaktivitu,6,4,2
137,httpswwwinfoczevropskauniemerkelovoubymohlnahraditmerzzastancejaderneenergetikyavecneporazenyhtmlutmsourceonesignal,6,6,0
138,httpswwwceskenovinyczzpravybloombergcrmuzepodlenovakoveodlozitjaderneprojekty,6,6,0
139,ceskou,6,5,1
140,ovzdusi,6,6,0
141,httpswwwinfoczenergetikababisprotizemanovipotvrdilzejehovladachceodlozitvystavbujadernychblokuhtml,6,2,4
142,httpswwwinfoczceskoceskoriskujehneveukvulirozsirenidukovanbruselmaobavyzrostoucihovlivuruskahtml,6,5,1
143,mediciny,6,6,0
144,httpswwwsecuritymagazinczsecurityputinhrozievropemoznostijaderneodvetyprijmeliraketyusahtml,6,6,0
145,httpsplusrozhlasczjakbreznevvrocemalemrozpoutaljadernouvalku,6,0,6
146,httpsarchivihnedczcumelainteligencejakojadernazbran,6,4,2
147,fukushima,6,6,0
148,httpsdomaciihnedczckdoprevezmedopravuvprazedolinkanahradischeinherrkteryjezdisjadernymodpademposvetedopolitikysedostalkvulilibenskemumostu,6,4,2
149,odpaduhistorie,6,5,1
150,davka,6,6,0
151,izotop,6,4,2
152,elektrarnyv,6,5,1
153,elektrarnypohled,6,5,1
154,httpswwwirozhlasczekonomikatemelindukovanydanadrabovajadernaelektrarnaako,6,5,1
155,radiacnimi,6,5,1
156,httpseurozpravyczzahranicnievropaputinzavelelrusoveprocvicilijadernesilyatoisodpalyraket,6,6,0
157,radonoveho,6,6,0
158,jadernejch,6,6,0
159,dukovanechvzhledem,6,5,1
160,temeliny,5,5,0
161,unika,5,4,1
162,spadem,5,3,2
163,kosmicke,5,5,0
164,httpswwweczdomacivystavbanovychjadernychblokuipodporauhlizemanuvexpertnitymseshodlnaenergetickevizi,5,5,0
165,radonovy,5,5,0
166,httpswwwinfoczenergetikaministerstvoprumyslucouvazvystavbyjadernychblokuzrejmeprojektodlozihtml,5,5,0
167,httpseurozpravyczzahranicnievropaputinpohrozilevropejadernymutokem,5,5,0
168,ozarenim,5,4,1
169,radonove,5,5,0
170,radiacnich,5,4,1
171,httpszpravyidnesczputinraketyjadernaodvetaevroparuskousafnozahranicniaspxcazahranicniremyto,5,0,5
172,httpswwwpatriaczzpravodajstviministrynenovakovavystavbajadernychblokucezmusirespektovatakcionarehtml,5,4,1
173,httpsczsputniknewscomceskarepublikadukovanyelektrarnastavbaodkladtlak,5,5,0
174,radioaktivnimu,5,4,1
175,nehodla,5,4,1
176,nehodilo,4,3,1
177,httpsplusrozhlasczalexandrmitrofanovputinrusumvzkazalzesepojadernevalceocitlivraji,4,4,0
178,mraky,4,2,2
179,httpsmoneymagczaktualitynovyjadernyblokvceskuzemanbudejednatsesvymiporadci,4,3,1
180,httpsczsputniknewscomceskarepublikaceskodukovanyvystavbakorejci,4,2,2
181,jadernyho,4,2,2
182,potraviny,4,4,0
183,radiacnim,4,4,0
184,radiacniho,4,4,0
185,httpforumczudalostiexpertnitymmilosezemanapodporilpodporujadernouenergetikuaprolomenilimitutezbyuhli,4,4,0
186,vysetreni,4,4,0
187,lecba,4,4,0
188,httpsepochaplusczsmrtelnaradiacejakenejhorsijadernekatastrofypostihlylidstvo,4,4,0
189,havarijniho,4,4,0
190,nuklearnimi,4,4,0
191,rtg,4,3,1
192,rentgenu,4,4,0
193,havarijni,4,4,0
194,letadla,4,4,0
195,httpswwwkurzyczzpravyotravilistanislavagrossevtelemelmitradioaktivniuranium,4,4,0
196,httpswwwzeleniczjaksezceskadelajadernecezko,3,3,0
197,httpswwwnovinkyczclanekjadernezbranepouzijemejenproodvetuagresorichcipnoumyskoncimevrajivzkazalputin,3,2,1
198,httpszpravyaktualneczzahraniciputinhrozievropemoznostijaderneodvetyprijmeliraketyrdbdafeacfbee,3,3,0
199,radioaktivniwewerka,3,0,3
200,httpswwwmpoczczrozcestnikpromediatiskovezpravyjadernaenergiejeproceskourepublikunejlepsimresenim,3,3,0
201,httpwwwobnovitelneczczclanekobstojijadernereaktoryvereumeleinteligence,3,1,2
202,jadernaelektrarnatemelin,3,3,0
203,rentgenoveho,3,3,0
204,httpszoommagaziniprimaczzajimavostijadernaenergienampomuzebojovatprotizmenamklimatutvrdinovastudie,3,3,0
205,dukovanskych,3,3,0
206,cernobylska,3,3,0
207,httpswwwinfoczenergetikaoodlozenivystavbynovychjadernychblokunebylarectvrdihradcekarychlerozhodnutihtmlutmsourceonesignal,3,3,0
208,httpwwwhybridczobnovitelnezdrojeenergierostoualeemisetakepomuzejadernaenergetika,3,3,0
209,httpswwweuroczpolitikaputinpritvrdilpokudevropaprijmeraketyusahrozijadernouodvetou,3,2,1
210,httpsczsputniknewscomceskarepublikaceskodukovanyelektrarnaruskonazor,3,3,0
211,httpwwwnovinkyczzahranicnievropajadernezbranepouzijemejenproodvetuagresorichcipnoumyskoncimevrajivzkazalputinhtml,3,2,1
212,izotopem,3,2,1
213,httpswwwfioczzpravodajstvizpravyzburzympomnovakovarozhodnutiostavbenovychjadernychreaktorumuzebytodlozeno,3,3,0
214,httpswwwrespektczpolitikatrumpsazinajadernezbrojenivraciseatmosferastudenevalky,3,3,0
215,cernobylske,3,3,0
216,httpswwwtydenczrubrikyzahraniciruskoaokolijadernezbranepouzijemejennaodvetuagresoriprostechcipnouhtml,3,3,0
217,httpswwwsecuritymagazinczdefencevruskupostavitrimonstroznijaderneledoborcetridylidrhtml,3,3,0
218,httpwwwhybridczekologictiaktivistedemonstrujinapodporujaderneenergetiky,3,3,0
219,httpwwwnovaburzoaziecompostingzemannewskdybysezrucailydotacenaobnovitelncazdrojezaletjsoupencadzenajaderncbdblok,3,3,0
220,rezonance,3,3,0
221,httpseurozpravyczzahranicnievropaputintercemvtipurajpojadernevalcetojestezadnyvudcenesliboval,3,3,0
222,jadernicku,3,0,3
223,unik,3,3,0
224,httpswwwceskenovinyczzpravyexpertnitymprezidentazemanapodporiljadernouenergetiku,3,3,0
225,kosmickych,3,0,3
226,ozarene,3,3,0
227,jodu,3,3,0
228,httpswwwcasopissifraczdenpotecoitalskyministrvnitrasalvinipochvalilputinatenvarovalpredjadernymkonfliktemadousaaevropyvzkazalagresorichcipnoumyskoncimevraji,3,3,0
229,temelinskou,3,3,0
230,jadernyma,3,3,0
231,jadernu,3,2,1
232,nehod,3,2,1
233,lecbu,3,2,1
234,cernobylskou,3,3,0
235,ct,3,3,0
236,ulozisti,3,3,0
237,httpsstrategickemysleniinfovalkameziindiiapakistanemjadernezbranemohouzacitletatamilionyzemrit,3,3,0
238,httpsbyznysihnedczczivevysokahraojadromaceskorozsiritdukovanyatemelinsledujtespecialdvtv,2,0,2
239,httpswwwseznamzpravyczclanektrumpzrusiklicovoujadernoudohodusruskemazacnesvyvojemnovychzbraniseqnodopabvariantsourceclankyhome,2,2,0
240,httpswwwseznamzpravyczclanekuzibabispripoustiodkladklicovehoverdiktuzivotnostdukovanbysemohlaprodlouzitodesetletseqnodopabvariantsourceclankyhome,2,2,0
241,httpswwwstoplusjednickaczcosestalokdybyjadernacarbombaexplodovalavevesmiru,2,2,0
242,medicine,2,1,1
243,httpsdeniknczpostavmejaderneblokynezekonomikazpomaliceskefirmynatomvydelajivyzyvazemanuvporadcenejedlyfbclidiwardnfpgscaedalgkuwfxxdkddjmayjrtsesruadeisjlqjaxeza,2,2,0
244,radonem,2,2,0
245,httpswwwkurzyczzpravyjadernyprojektcezmuzebytodlozenreklaministrynenovakova,2,2,0
246,httpsctceskatelevizeczdomaciexpertnitymprezidentazemanapodporiljadernouenergetikuaprolomenilimitutezby,2,2,0
247,httpswwwparlamentnilistyczpolitikaposlaneckasnemovnanedelamesisranduptalijsmesepolitikuzdabymelajitcrdojadernevalkyprotiruskujakotomhovorilgeneralpavelzdejsouodpovedi,2,0,2
248,fukusimou,2,2,0
249,httpseurozpravyczmagazinvedcispocitalikoliklidibyprezilojadernouvalkucobybylopak,2,2,0
250,lekarstvi,2,2,0
251,httpswwwvaticannewsvacsvatikannewssvatystolecexistencejadernychzbranizbranikladedneskunejhtml,2,2,0
252,temelinchce,2,2,0
253,httpszahranicniihnedczcputinpohrozilevropejadernouodvetoupokudbudesouhlasitsrozmistenimamerickychraket,2,2,0
254,dukovanum,2,2,0
255,httpswwwkritikyczkdekoupiteradiacniochranaprirentgenovychvykonechtonejdulezitejsipropraxi,2,2,0
256,odpadku,2,2,0
257,fukushimy,2,2,0
258,httpswwwpatriaczzpravodajstvijadernyprojektcezmuzebytodlozenreklaministrynenovakovahtml,2,2,0
259,nehodach,2,0,2
260,httpswwwlidovkyczsvetputinhrozievropemoznostijaderneodvetyprijmeliraketyusaalnzahranicimpr,2,1,1
261,temelinska,2,1,1
262,nehodlame,2,1,1
263,httpsczsputniknewscomsvetklimkinpodezreniruskorozmistenikrymjadernezbrane,2,2,0
264,httpswwwbudejckadrbnaczzpravyspolecnostdotemelinadoraziloprestisiclidipatrimezinejnavstevovanejsijihoceskepamatkyhtmlfbclidiwarzofbmsoitpfkhdrcqekfmwtbpcqphtdkepptqgrrgdznk,2,1,1
265,nehodim,2,0,2
266,httpswwwkurzyczzpravyzivotnostdukovanbysepodlebabisemohlaprodlouzitodesetlet,2,2,0
267,httpswwwbudejckadrbnaczzpravyspolecnostvtemelinetrenovalireakcinablackouthtml,2,2,0
268,temelinailustracni,2,1,1
269,httpsctceskatelevizeczekonomikastatpodlenovakovenemuselceznutitdostavbyjadernychblokuvehreje,2,2,0
270,httpswwwsecuritymagazinczhistoriejadernaponorkaussscorpionletodnevysvetelneztratyapatracioperacehtml,2,2,0
271,elektrarnychce,2,2,0
272,httpswwwsecuritymagazinczhistoriekleninskijkomsomolprvnisovetskajadernaponorkahtml,2,2,0
273,httpszpravyaktualneczzahraniciputinhrozievropemoznostijaderneodvetyprijmeliraketyredbdafeacfbeeutmtermautofeedutmmediumsocialutmsourcetwitterechobox,2,2,0
274,httpswwwsecuritymagazinczhistorieoperaceoperalikvidaceirackehojadernehoreaktoruvosirakuhtml,2,2,0
275,httpswwwsecuritymagazinczhistoriesaddamhusajnseobavalamerickehojadernehoutokubehemvalkyvperskemzalivuhtml,2,2,0
276,httpswwwbyznysnovinyczopethrozijadernavalkavarovalgorbacovobviniltrumpovyusamilitarizacepolitiky,2,2,0
277,cernobylem,2,1,1
278,httpsczenergyhubeuclanekctkbloombergcrmuzepodlenovakoveodlozitjaderneprojekty,2,2,0
279,temelinskeho,2,1,1
280,uniku,2,2,0
281,jadernyblok,2,2,0
282,ozarovanim,2,1,1
283,httpspravyprostorczruskoopethroziapokalyptickoujadernouvalkou,2,2,0
284,izotopove,2,2,0
285,cesium,2,2,0
286,statnim,2,2,0
287,reckojaderna,2,2,0
288,poruch,2,2,0
289,lecbou,2,2,0
290,httpswwwceskenovinyczzpravyzivotnostdukovanbysepodlebabisemohlaprodlouzitodesetlet,2,1,1
291,davku,2,2,0
292,httpswwwfioczzpravodajstvizpravyzburzympomnovakovarozhodnutiostavbenovychjadernychreaktorumuzebytodlozenokomentar,2,2,0
293,httpwwwprvnizpravyczzpravyzpravysefkazelenychzadaabyusaodvezlyzevropyjadernezbrane,2,1,1
294,httpswwwfioczzpravodajstvizpravyzburzyministryneprumyslunovakovasevyjadrilakpotencialnivystavbejadernychblokukomentar,2,2,0
295,httpswwwdenikczzesvetapompeoposetkaniskimemsevernikoreaumozniinspekcijadernychzarizenihtml,2,2,0
296,ionizujicim,2,2,0
297,httpoenergeticeczelektrarnycrnovakovacrmuzeodlozitjaderneprojekty,2,2,0
298,httpoenergeticeczelektrarnycrjadernaelektrarnadukovany,2,2,0
299,jaderniky,2,0,2
300,httpswwweuroczpolitikavrakouskusbirajipodpisyprotiulozistijadernehoodpaduvceskuverizeseozveividen,2,2,0
301,httpswwweuroczudalostimizernybetonvbelgickychjadernychelektrarnachbylpodcenovanpotvrdilsefdohledunadjadrem,2,2,0
302,elektrarni,2,2,0
303,havariich,2,2,0
304,httpsacczusachtelyvrocepouzitjadernezbranevevietnamuredirectf,2,2,0
305,httpwwwarmadninovinyczjadernebombynayellowstonehtml,2,2,0
306,httpsvideoaktualneczdvtvdukovanynemusidostavetjenrusovedobaserychlemenirikarcdbbdcbaeadccabf,2,2,0
307,httpswwwirozhlasczzpravydomovzemanexpertijadernaenergetikylimityuhlicen,2,1,1
308,httpforumczpodlezemanabysedanadrabovanemelaplestdojaderneenergetikyutmsourcewwwseznamczutmmediumsekcezinternetu,2,2,0
309,httpseurozpravyczzahranicnievropauderzkaliningraduruskorozsirujevojenskazarizeniijadernaukazujisatelitnisnimky,2,2,0
310,kontaminace,2,2,0
311,httpiuhliczdalsiproblemprihledanijadernehouloziste,2,2,0
312,httpszpravyidnesczukrajinacernobylenergiehistoriejadernaobnovitelnepjhzahranicniaspxcazahranicnilukautmsourcetwitterutmmediumsharecm,2,2,0
313,httpvedaatechnikaeurozpravyczvedazkazuzemebylidstvoprezilosvetpojadernevalcebyalenikdynebylstejny,2,2,0
314,havariim,2,1,1
315,temelinskem,2,2,0
316,httpsglobeczbyznyszasedalzemanumtymexpertuchcejadernouenergiiaprolomitlimitynauhli,1,1,0
317,httpsekolistczczzpravodajstvitiskovezpravyjaksezceskadelajadernecezko,1,1,0
318,httpstrebicskydenikczzpravyregiondukovanstihasicimajispecialistynapozarytlakovychlahvihtml,1,1,0
319,httpsekonomihnedczcdanskelodesestanoucilempronasejadernestrelyvyhrozovalruskyvelvyslanec,1,1,0
320,httpsgczposluchacizkouskysirenpozortarijnovajespecialnivyjimecneserozezniitemelinutmsourcefacebookutmmediumsocialorganicutmcampaignclanekgcz,1,1,0
321,httpsechoczasqfneznicitelnanuklearnitestovinavedciobjevilinejpevnejsimaterialvevesmiruutmsourcewwwseznamczutmmediumsekcezinternetu,1,1,0
322,httpshlidacipesorgziznivyatomsuchoastaleteplejsirekyohrozujiiprovozjadernychelektraren,1,1,0
323,httpsjihlavaidnesczenergieelektrarnadukovanystrachrakouskoprotestvysocinajadroatomlxjihlavazpravyaspxcajihlavazpravymv,1,1,0
324,httpsekonomikaidnesczinfografikavystavbajadernychblokuvevropefekozahranicniaspxcaekozahranicniozr,1,0,1
325,httpssicczakcedenprumyslemustavujadernefyziky,1,0,1
326,httpssciencemagczprirodnijadernereaktoryfbclidiwarqvqglnmjumagipqzgmnorqsoutvnpkaofhjaombgabwpcq,1,1,0
327,dukovansti,1,1,0
328,httpssciencemagczprirodnijadernereaktory,1,1,0
329,httpseurozpravyczzahranicniblizkyvychodjadernavalkanablizkemvychodepolitolognaznacilmoznyscenar,1,1,0
330,httpseurozpravyczmagazinjsoupotravinyradioaktivniminimalnejednumamedomavsichni,1,1,0
331,httpsepochaplusczsmrtelnaradiacejakenejhorsijadernekatastrofypostihlylidstvoutmsourcewwwseznamczutmmediumzboxiku,1,0,1
332,httpsepochaplusczsmrtelnaradiacejakenejhorsijadernekatastrofypostihlylidstvoutmsourcewwwepochaplusczutmmediumonesignalpushutmcampaignnotification,1,1,0
333,httpsepochaplusczsmrtelnaradiacejakenejhorsijadernekatastrofypostihlylidstvoutmsource,1,0,1
334,httpssanctuarycznuklearnifetissidruhedesceuzivajischramm,1,0,1
335,httpsekonomikaidnesczandrejbabisjadernaelektrarnadukovanyfpekonomikaaspxcaekonomikajnutmsourcerssutmmediumfeedutmcampaignekonomikahutmcontentmain,1,1,0
336,httpseurozpravyczzahranicnievropaagresorprostechcipnenicehosenebojimeputindrsnemluvilojadernemutoku,1,1,0
337,httpsradiozurnalrozhlasczdanadrabovarozhodnutiodelceprovozujadernychelektrarenjevzdypoliticke,1,1,0
338,httpsekonomikaidnesczpruzkumhlubinneulozistejadernehoodpadurichardbrabecministerstvozivotnihoprostrediipbekonomikaaspxcaekonomikafer,1,0,1
339,httpseurozpravyczzahranicnievropaagresorprostechcipneputindrsnemluvilonasazenijadernychzbrani,1,0,1
340,httpsekonomikaidnesczjadernaenergetikatezbaelektrarnamiloszemanexpertnitympufekonomikaaspxcaekonomikakafi,1,1,0
341,httpseurozpravyczzahranicnievropajadernavalkavsechprotivsemnejsmebezbrannitvrdigorbacov,1,1,0
342,httpsostravaidnesczlekarkapodalakvulicernobylutrestnioznameniodbornicinesouhlasizaostravazpravyaspxcaostravazpravyjog,1,1,0
343,httpsglobeczrevuejsoupotravinyradioaktivnijednaanoacesijimiluji,1,1,0
344,elektrarnya,1,1,0
345,httpsdomaciihnedczczivotnostdukovanbysepodlebabisemohlaprodlouzitodesetletnakladybybylymiliardkorundesetkratmeneneznovyblok,1,1,0
346,httpiuhliczobcanelipnikuodmitlijaderneuloziste,1,1,0
347,httpextrastoryczjaknamornidustojnikvasilijarchipovzachranilsvetpredjadernouvalkouhtmlutmsourcewwwseznamczutmmediumsekcezinternetu,1,0,1
348,davkou,1,1,0
349,elektrarnama,1,1,0
350,httpforumczpodlezemanabysedanadrabovanemelaplestdojaderneenergetikyfbclidiwarqagrglgesjnlrfsrvxbugncjqqunujtyuzzrratudtyaossdrabova,1,1,0
351,httpforumczpodlezemanabysedanadrabovanemelaplestdojaderneenergetikyutmsourcewwwseznamcz,1,1,0
352,httpfukushimawatchcomjapantodrainradioactivefukushimawaterdirectlyintopacificoceanhtml,1,1,0
353,httphnihnedczcumelainteligencejakojadernazbran,1,1,0
354,cernobylskeho,1,1,0
355,httpsdomaciihnedczcnejlepsireferencenastavbunovychjadernychblokumapodledrabovejihokorejskakhnpbezsanciprynenianiwestinghouse,1,1,0
356,httpiuhliczposlancisezajimajionovejadernezdroje,1,1,0
357,httpmakeuploopcomradioaktivnivybuchrychlyhalloweenmakeuptutorial,1,0,1
358,httpnecyklopediewikiacomwikijaderncbdhcib,1,1,0
359,httpoenergeticeczelektrarnycrdrabovadukovanybudoucelitevropskemutlakuprodrivejsiuzavreni,1,1,0
360,dukovanskou,1,1,0
361,httpoenergeticeczelektrarnycrexpertnitymprezidentazemanapodporiljadernouenergetiku,1,1,0
362,httpoenergeticeczelektrarnycrnovakovacrmuzeodlozitjaderneprojektyfbclidiwarpfakezyixypzblfcpuxumsgfirrlaxhykqbimpamxa,1,1,0
363,httpextrastoryczjaknamornidustojnikvasilijarchipovzachranilsvetpredjadernouvalkouhtmlutmsourcefacebookcomutmmediumsocialorganicutmcampaignegfb,1,1,0
364,httpextrastoryczamerikamazlomenychsipupresnetoliksejimztratilojadernychhlavichtml,1,1,0
365,httpcasopisargumentczsevernikoreaumoznipristupinspektorukesvymjadernymaraketovymzarizenim,1,1,0
366,httpbitlyklimatickezmenynajadernepalivo,1,1,0
367,elektrarnuvyhnat,1,0,1
368,elektrarnybyli,1,1,0
369,elektrarniky,1,1,0
370,elektrarnyje,1,0,1
371,fukushim,1,1,0
372,fukushime,1,1,0
373,elektrarnici,1,1,0
374,fukusimemam,1,1,0
375,fukusimi,1,1,0
376,gamazareni,1,0,1
377,havariemi,1,1,0
378,havarijnim,1,1,0
379,houbach,1,1,0
380,httpatominfoczjihokorejskejadernetechnologievyvijenepodesitkyletvyletioknem,1,1,0
381,cernobylv,1,1,0
382,httpoenergeticeczelektrarnycrsoudzrusilpovoleniprodalsizpotencialnichmistproulozistejadernehoodpadu,1,1,0
383,httpoenergeticeczelektrinavtemelinednesprocvicilijakbylipnoelektrarnepomohlopriblackoutu,1,1,0
384,httpoenergeticeczjaderneelektrarnybezpecnejsijaderneelektrarnyucinnejsichlazenimuzezabranitjadernymhavariimutmsourcewwwseznamczutmmediumsekcezinternetu,1,1,0
385,httpsceskoaktualneczkontroverznizpravyplanechusapouzitjadernezbranevevietnamu,1,1,0
386,httpsceskoaktualneczzpravykzamyslenijadernavalkablizkemvychodepolitolognaznacilmoznyscenar,1,1,0
387,httpscswikipediaorgwikijaderncaelektrcarnabohunicea,1,1,0
388,httpsctceskatelevizeczdomacimilionovyprojektnaradioaktivniulozisteudajnigarantizcvutnetusilizefiguruji,1,1,0
389,httpsctceskatelevizeczekonomikadrabovarusovestavijaderneblokypomaluikdyzbezpecnedostavbadukovansefbclidiwaruyckazxayhfitdxjkdcxexpsbfadmzyjuomhiumfirieydkwos,1,1,0
390,httpsctceskatelevizeczsvetputinhrozievropemoznostijaderneodvetyprijmeliraketyusafbclidiwarnqgzjqxhxvnqcbgxmjihzwibwgjyrbwpjquzfxcxzjphcyo,1,0,1
391,httpsctceskatelevizeczsvetsummitevropskychaasijskychzemipodporujejadernoudohodusiranem,1,1,0
392,httpsczenergyhubeuclanekctkexpertnitymprezidentazemanapodporiljadernouenergetiku,1,1,0
393,httpsczenergyhubeuclaneknovinkyprekvapujicizpravaznemeckaekologictiaktivistedemonstrujinapodporujaderneenergetiky,1,1,0
394,httpsczenergyhubeuclaneknovinkytransparentnepiratizorganizovalivesnemovneseminarovystavbenovychjadernychbloku,1,1,0
395,httpsczsputniknewscomsvetkrymparlamentklimkinkomentarjadernezbrane,1,1,0
396,httpsczsputniknewscomsvetputinruskojadernezbraneraj,1,1,0
397,httpsczsputniknewscomsvetruskobombarderjaderneutokyvesmir,1,1,0
398,httpsczsputniknewscomsvetruskousasmlouvajadernezbraneztratahodnotaexpert,1,1,0
399,httpsdeniknczpostavmejaderneblokynezekonomikazpomaliceskefirmynatomvydelajivyzyvazemanuvporadcenejedly,1,1,0
400,httpsdomaciihnedczckdoprevezmedopravuvprazedolinkanahradischeinherrkteryjezdisjadernymodpademposvetedopolitikysedostalkvulilibenskemumostufbclidiwardwtakctuamuztbtfcbdkpusqixqaufotvfjrzrpie,1,0,1
401,httpsceskoaktualneczpolitikapujdemenebeprosteumroureklputinkjadernevalce,1,1,0
402,davky,1,1,0
403,httpoenergeticeczjaderneelektrarnyjakejsoucenyzajadernereaktoryiiigenerace,1,0,1
404,httpsblistyczarttrumpvyvolavajadernouhrozbouhorsinezbylastudenavalkahtml,1,0,1
405,httpoenergeticeczjaderneelektrarnyruskotestujesystemkteryprepracujeazvyhorelehoodpadu,1,0,1
406,httpoenergeticeczobnovitelnezdrojemwfotovoltaickaelektrarnaucernobylskejaderneelektrarnybrzyzahajiprovoz,1,1,0
407,httpoenergeticecztechnologieelektroenergetikaplavidlanajadernypohonpohleddopodpalubi,1,1,0
408,httpprotiproudparlamentnilistyczpolitikastrategovenatopripravujivalkusruskemjizzcelaotevrenebubnypropagandyduninaplnopobaltskygambitinspiracehitlerovouoperacibarbarossaajakvsesouvisiszarimsenojadernebezpecnostijeprychtm,1,0,1
409,httpradiationsciencecomjapantodrainradioactivefukushimawaterdirectlyintopacificoceanhtml,1,1,0
410,httpsacczceskystatniuradprojadernoubezpecnostdavavevystavbeblokuprednostkorejcum,1,1,0
411,elektrarnakazdy,1,1,0
412,httpsacczruskopohrozilojadernouodpovedpokudseobjevivevropenoveamerickerakety,1,1,0
413,httpsacczzajakychokolnostipouzijemejadernezbraneputinpronesltvrdaslova,1,1,0
414,httpsautoroadczhistorienejabsurdnejsistrojsovetskehosvazupohanenychkolneslotunjadernezkazy,1,1,0
415,httpsblistyczartjohnboltonpresvedcujetrumpaabyusaodstoupilyodsmlouvysruskemoomezenijadernychzbranihtml,1,1,0
416,httpsblistyczartmerkelovavjeruzalemeirannesmiziskatjadernezbranehtml,1,1,0
417,httpsblistyczartputinvpripadejadernevalkyrusovepujdoudonebehtml,1,1,0
418,httpsblistyczartsnaziseiranpohrbitjadernoudohoduhtml,1,1,0
419,httpsblistyczarttrumpusazrusidohoduoomezenijadernychzbranisruskemhtml,1,0,1
420,httpstsargradtvnewsnajadernomobektesshaproizoshlochprabotnikijevakuirovanysmi,1,1,0
421,zivotnostdukovanbysemohlaprodlouzitodesetletminibabis,1,1,0
422,httpsvideoaktualneczdvtvzivevysokahraojadromaceskorozsiritdukovanyatemelinrfaeacadeadccabfredirected,1,0,1
423,lecbe,1,1,0
424,jadernprogramatdvankat,1,1,0
425,jadernychzbrani,1,1,0
426,jadernymu,1,0,1
427,jadernymy,1,0,1
428,jadernyreaktor,1,1,0
429,jod,1,1,0
430,kennedyjaderne,1,1,0
431,kosmickem,1,1,0
432,kosmickemu,1,1,0
433,kosmickou,1,1,0
434,lecby,1,1,0
435,jadernouplutoniovou,1,1,0
436,lekar,1,1,0
437,lekarka,1,1,0
438,lekarky,1,1,0
439,letadle,1,1,0
440,letadlem,1,1,0
441,letadlo,1,1,0
442,letadlova,1,1,0
443,letadlovych,1,1,0
444,medicinu,1,1,0
445,mluvilrentgenky,1,1,0
446,jadernov,1,1,0
447,jadernima,1,1,0
448,nehodil,1,0,1
449,jadernackych,1,1,0
450,httpwwwsupertrefacznovyjadernyzdrojiplynovodybacianordstreamministrynemartanovakovajednalasrakouskymvelvyslancem,1,1,0
451,httpwwwtouchoflovershandsczmetrotemnavizemoskvypojadernehtml,1,0,1
452,httpwwwzvedavecorgkomentarebylavjemenupouzitamalajadernabombahtm,1,0,1
453,httpzpravyeczbyznysprumyslaenergetikajadrosevusaprestavavyplacetnaodstreljedalsielektrarna,1,1,0
454,imradonblaze,1,0,1
455,izotopicky,1,1,0
456,izotopie,1,1,0
457,izotopum,1,1,0
458,jadern,1,1,0
459,jadernaci,1,0,1
460,jadernaelektrarnadukovany,1,1,0
461,jaderniku,1,0,1
462,jadernaka,1,1,0
463,jadernech,1,1,0
464,jadernedoly,1,1,0
465,jaderneelektrarny,1,1,0
466,jaderneji,1,1,0
467,jadernema,1,0,1
468,jadernicce,1,0,1
469,jadernice,1,0,1
470,jadernich,1,1,0
471,jadernik,1,0,1
472,nehodaautobusu,1,0,1
473,nehodila,1,1,0
474,httpswwwaazdravicztichyzabijakcechujmenemradonnekteredomacnostijsouhorsinezuranovedoly,1,1,0
475,temelinsky,1,1,0
476,rentgen,1,1,0
477,rentgeneloga,1,1,0
478,rentgenova,1,1,0
479,rentgenovani,1,1,0
480,rentgenove,1,1,0
481,rentgenovem,1,0,1
482,spada,1,1,0
483,statnimu,1,1,0
484,temelinarakouska,1,1,0
485,temelindiky,1,1,0
486,temelinskymi,1,1,0
487,radonovotny,1,0,1
488,temelinst,1,0,1
489,temelinsti,1,1,0
490,temelinvypousti,1,1,0
491,terapie,1,1,0
492,terapii,1,1,0
493,unikem,1,1,0
494,unikl,1,1,0
495,uniky,1,1,0
496,zarenia,1,1,0
497,zarenimatematicky,1,1,0
498,radonovym,1,1,0
499,radonovku,1,1,0
500,nehodili,1,1,0
501,ozaren,1,1,0
502,nehodlaji,1,1,0
503,nehodlas,1,0,1
504,nehodnot,1,0,1
505,nehodnotili,1,1,0
506,nuklearnimedicina,1,1,0
507,nuklearnimu,1,1,0
508,nuklearnirodina,1,0,1
509,odpadni,1,1,0
510,odpadnich,1,1,0
511,odpadnim,1,1,0
512,ozarenych,1,1,0
513,radonovem,1,1,0
514,ozarenym,1,0,1
515,potravin,1,1,0
516,potravinach,1,1,0
517,potravinarstvi,1,1,0
518,radiacnimu,1,1,0
519,radioaktivit,1,1,0
520,radioaktivitynejakou,1,1,0
521,radioaktivnihonvzorku,1,0,1
522,radionuklearnimi,1,1,0
523,radoni,1,1,0
524,httpwwwsolarninovinkyczzpravyvyplatisepostavitstresnisolarnielektrarnuiposkoncenipodporyv,1,1,0
525,httpwwwprvnizpravyczzpravyzpravymypujdemedonebeaoniprosteumroureklputinkjadernevalce,1,1,0
526,httpwwwprochlapyczclankychybelomaloabynastalnuklearniusvitbehemstudenevalkybylnekolikratodvolanjadernyutokdoslovazapetminutdvanact,1,1,0
527,httpswwwlidovkyczsvetopustenaveskteroupoziraprirodaavnitrizenyvlkuaniradiacesenebojimealnzahranicimsl,1,0,1
528,httpswwwkupredudominulosticzkollermartindhrozinamdvevelkanebezpecijadernavalkamezinatoaruskemaafroislamskainvazefbclidiwaraicmfzzpijfyzgisteggiyrpodktqznlzvsqvnbnyhxmggyuy,1,0,1
529,httpswwwkupredudominulosticzkollermartindhrozinamdvevelkanebezpecijadernavalkamezinatoaruskemaafroislamskainvazefbclidiwaryfgdcmzbgzltplefrlprdlctfolyrimfxbxhmklmlpfeebyww,1,1,0
530,httpswwwkupredudominulosticzkollermartindhrozinamdvevelkanebezpecijadernavalkamezinatoaruskemaafroislamskainvazefbclidiwaryfgdcmzbgzltplefrlprdlctfolyrimfxbxhmklmlpfeebywwu,1,1,0
531,httpswwwkurzyczzpravybabiszivotnostjedukovanybysemohlaprodlouzitolettobudejenmldoprotimld,1,1,0
532,httpswwwkurzyczzpravycezprodlouzenizivotnostidukovanpodledrabovebudesilittlakopacnynadrivejsiuzavreni,1,1,0
533,httpswwwkurzyczzpravyjadernaenergiejeproceskourepublikunejlepsimresenim,1,1,0
534,httpswwwkurzyczzpravykldrbezjadernychzbraniusasipochvalujijednaniskimem,1,1,0
535,httpswwwkurzyczzpravyministryneprumysluaobchodujednalasgeneralnimreditelemagenturyprojadernouenergiioecd,1,1,0
536,httpswwwkurzyczzpravynovyjadernyzdrojiplynovodybacianordstreamministrynemartanovakovajednalasrakouskym,1,1,0
537,httpswwwlidovkyczsvetagresorichcipnourusovepujdoudorajeruskopouzijejadernezbranejennaobranurikaputinalnzahraniciele,1,1,0
538,httpswwwmemzaczczpresidentjiznikorejeslibiluzavrenivsechjadernychelektrarenvzemi,1,1,0
539,httpswwwinfoczevropskauniemerkelovoubymohlnahraditmerzzastancejaderneenergetikyavecneporazenyhtml,1,1,0
540,httpswwwmzvczhelsinkiczobchodaekonomikaaktualitycestivyrobcijadernychtechnologiihtml,1,1,0
541,httpswwwnovinkyczdomacijaromericenadrokytnounechtejiulozistejadernehoodpaduhtmltak,1,1,0
542,httpswwwnovinkyczekonomikabruselpovolilmadarskurozsirenijaderneelektrarnypakshtml,1,0,1
543,httpswwwnovinkyczekonomikasvedisejaderneenergienebojiplanujipostavitazdesetnovychreaktoruhtmljaderna,1,1,0
544,httpswwwnovinkyczzahranicnievropajadernezbranepouzijemejenproodvetuagresorichcipnoumyskoncimevrajivzkazalputin,1,1,0
545,httpswwwnovinkyczzahranicnievropajadernezbranepouzijemejenproodvetuagresorichcipnoumyskoncimevrajivzkazalputinhtmlfbclidiwareuxdnixrhnueqjgwncjykziqisubfumcvtohbvxvtzkgmcwhc,1,1,0
546,httpswwwnovinkyczzahranicnievropajadernezbranepouzijemejenproodvetuagresorichcipnoumyskoncimevrajivzkazalputinhtmljojo,1,0,1
547,httpswwwnovinkyczzahranicnievropajadernezbranepouzijemejenproodvetuagresorichcipnoumyskoncimevrajivzkazalputinhtmlna,1,0,1
548,httpswwwnovinkyczzahranicnievropajadernezbranepouzijemejenproodvetuagresorichcipnoumyskoncimevrajivzkazalputinhtmlsourcefbs,1,1,0
549,httpswwwnovinkyczzahranicnievropajadernezbranepouzijemejenproodvetuagresorichcipnoumyskoncimevrajivzkazalputinhtmlvzdycky,1,0,1
550,httpswwwkrvysocinaczvismodokumentyaspidnstanoviskovedenikrajevysocinaanbspobcanskychskupinknbspvyrokumministryneprumysluanbspobchoduanbsppredsedyvladycrvenbspvecivystavbynovychjadernychzdrojup,1,1,0
551,httpswwwinfoczenergetikaoodlozenivystavbynovychjadernychblokunebylarectvrdihradcekarychlerozhodnutihtml,1,1,0
552,httpwwwprekonczuhelneajaderneelektrarnynejsoujenovyrobeelektrickeenergiehtml,1,1,0
553,httpswwwdenikczzesvetakldrvlastniodhademjadernychzbranitvrdijihokorejskyministrhtml,1,1,0
554,httpswwwassocopernicorgrozervanatelahvezdodhalujipuvodradioaktivnichmolekul,1,1,0
555,httpswwwbikediscountdeenbuyradonzr,1,0,1
556,httpswwwbudejckadrbnaczzpravyspolecnostvtemelineserozeznisirenanatemerpatnactminutslysetbudeivokolihtml,1,1,0
557,httpswwwceskatelevizeczivysilanihorizontctobsahjadernedohodyvohrozenirozhovorsdmirejovskym,1,0,1
558,httpswwwceskenovinyczzpravybloombergcrmuzepodlenovakoveodlozitjaderneprojektyutmsourcetwitterutmmediumtwitterfeedutmcampaigntwitter,1,1,0
559,httpswwwceskenovinyczzpravyexpertnitymprezidentazemanapodporiljadernouenergetikuutmsourcetwitterutmmediumtwitterfeedutmcampaigntwitter,1,1,0
560,httpswwwceskenovinyczzpravypompeojednalskimemojadernemodzbrojenikldrutmsourcetwitterutmmediumtwitterfeedutmcampaigntwitter,1,1,0
561,httpswwwceskenovinyczzpravyputinhrozievropemoznostijaderneodvetyprijmeliraketyusautmsourcetwitterutmmediumtwitterfeedutmcampaigntwitter,1,1,0
562,httpswwwcezczcsvyrobaelektrinyjadernaenergetikarealitaamytyojaderneenergiihtml,1,1,0
563,httpswwwcezczcsvyrobaelektrinyparoplynoveelektrarnyprovozovaneparoplynoveelektrarnyhtml,1,1,0
564,httpswwweczbyznysprumyslaenergetikajadrosevusaprestavavyplacetnaodstreljedalsielektrarna,1,1,0
565,httpswwwextraczjaksezijeobetemjadernekatastrofyvcernobylupodivejtesenatechtofotografiiutmsourcefacebookcomutmmediumsocialorganicutmcampaignjice,1,1,0
566,httpswwwecznazoryzapisnikvladanagallistlajadernysmutek,1,1,0
567,httpswwweczzahranicniamerickyministrzahraniciseseselskimcongunemjednaliojadernemprogramukldr,1,1,0
568,httpswwwelektrinaczfukusimaparletpotragediidotichehooceanustaleunikaradioaktivnivoda,1,1,0
569,httpswwweuroczbyznysbombamezireaktoryruskomanejmodernejsijadernouelektrarnusveta,1,1,0
570,httpswwweuroczbyznysbombamezireaktoryruskomanejmodernejsijadernouelektrarnusvetautmmediumselfpromoutmsourceeuroutmcampaigncopylink,1,1,0
571,httpswwweuroczbyznysipresstrastijadernehoprumyslurosatomposilujepozici,1,1,0
572,httpswwweuroczbyznyssofistikovanihackerikteriumiutocitnaelektrarnypochazizmoskvy,1,1,0
573,httpswwweuroczpolitikababiszivotnostdukovanbysemohlaprodlouzitodesetletnovyblokbybyldesetkratdrazsiutmmediumselfpromoutmsourceeuroutmcampaigncopylink,1,1,0
574,httpswwweuroczpolitikapripravahlubinnychulozistjadernehoodpadubudestatmiliardy,1,1,0
575,httpswwwextraczjaksezijeobetemjadernekatastrofyvcernobylupodivejtesenatechtofotografiiutmsourcefacebookcomutmmediumsocialorganicutmcampaignagi,1,1,0
576,httpswwwnovinkyczzahranicnievropaputinhrozievropejadernouodvetouhtmla,1,1,0
577,httpswwwnovinkyczzahranicnievropaputinhrozievropejadernouodvetouhtmlfbclidiwareawtbqcdufyjxpctbijdzslqdincwgchspaplhzghwhl,1,1,0
578,httpswwwnovinkyczzahranicnizaoraleksevernikoreanechystajadernypokushtml,1,1,0
579,httpwwwabclinuxuczclankyjadernenovinyprehledzazari,1,1,0
580,httpswwwtydenczrubrikyzahraniciruskoaokoliputinhrozievropejadernouodvetouprijmeliraketyusahtml,1,1,0
581,httpswwwtydenikobcanskepravoczvezmemacronbabisemonetapodjadernymhtml,1,1,0
582,httpswwwurbexkdyzlideodejdouczljadernepracoviste,1,0,1
583,httpszahranicniihnedczcputinpriznalzepoanexikrymubylpripravenmobilizovatjadernyarzenal,1,1,0
584,httpszpravyidnesczruskosystematickymodernizujejadernyarzenalfozprnatoaspxcazprnatoinc,1,0,1
585,httpszpravyidnesczukrajinacernobylenergiehistoriejadernaobnovitelnepjhzahranicniaspxcazahranicniluka,1,1,0
586,httpszpravyidnesczukrajinacernobylenergiehistoriejadernaobnovitelnepjhzahranicniaspxcazahranicnilukautmsourcetwitterutmmediumsharecdutmcampaigndesktop,1,1,0
587,httptiskovkyeustoletrepublikyuhelneajaderneelektrarnynejsoujenovyrobeelektrickeenergie,1,1,0
588,httptnnovaczclanekputinhrozievropejadernymuderemvadimuamerickeraketyhtml,1,1,0
589,httptnnovaczclanekputinhrozievropejadernymuderemvadimuamerickeraketyhtmlrusko,1,1,0
590,httpwwwallforpowerczclaneknektereevropskestatyzjistujizevyhlasitodklonodjaderneenergiejemnohemsnazsinezjejopravduuskutecnitwspdbybtwitter,1,1,0
591,httpswwwonlinemuniczvedaavyzkumkdeukladatvyhorelejadernepalivoodpovedjevuranovychdolechutmsourcefbmilujemeutmmediumlinkutmcampaignfacebook,1,1,0
592,httpwwwarmadninovinyczjadernebombynayellowstonehtmlfbclidiwarbcofslssemwbmtoejscqnrfhprsjnwdixqyxvdrejtdsyvlk,1,1,0
593,httpwwwchytraenergieinfoindexphpoptioncomcontentviewarticleidatomjadernypodzimcatidatom,1,0,1
594,httpwwwenviwikiczwikisouborradiacnipusobeniarsvg,1,1,0
595,httpwwwextraczjaksezijeobetemjadernekatastrofyvcernobylupodivejtesenatechtofotografiiutmsourcefacebookcomutmmediumsocialorganicutmcampaignextraagi,1,1,0
596,httpwwwhybridczcinazacneuhelneelektrarnyprestavovatnajaderne,1,1,0
597,httpwwwjihlavskelistyczclanekenergeticizavezlipalivodoreaktorublokujedukovanyhtml,1,1,0
598,httpwwwobnovitelneczczclanekradioaktivniodpadzjadernychelektrarenletaneferhrastatuprotiobcim,1,1,0
599,httpwwwonetvczdetailzaberyzekterychmrazitakhlezilaukrajinskapripjatpreddesivoujadernoukatastrofouutmsourcefacebookcomutmmediumsocialorganicutmcampaignpesv,1,1,0
600,httpwwwoselczjadernaenergetikavrocehtml,1,1,0
601,httpwwwoselczstrachmavelkeocipopraskkolemrakovinystitnezlazydetivefukusimehtml,1,1,0
602,httpswwwtydenczrubrikyzahranicievropamerkelovavizraeliirannesmiziskatjadernezbranehtml,1,1,0
603,httpswwwtydenczrubrikybyznysceskoceskorekordnevyvaziproudlonivicnezvyrobiltemelinhtml,1,1,0
604,httpswwwtydenczaokoliputinhrozievropejadernouodvetouprijmeliraketyusahtml,1,1,0
605,httpswwwsvetmobilneczelektromobilykolikpotrebujitemelinu,1,1,0
606,httpswwwpatriaczzpravodajstvinovestarereaktorynemacenustavetnaobzorujeprevratnajadernatechnologiehtml,1,1,0
607,httpswwwpatriaczzpravodajstvizivotnostdukovanbysepodlebabisemohlaprodlouzitodesetlethtml,1,1,0
608,httpswwwpeakczsvetovysystemkontrolyjadernychzbranisedroli,1,1,0
609,httpswwwpolczczrubrikyjadernafyzikaaenergetikabudespustenifuzeznamenatvycerpanijejihopaliva,1,1,0
610,httpswwwpolczczrubrikyjadernafyzikaaenergetikafuzebude,1,1,0
611,httpswwwpozaryczclanektemelinproverilfyzickusvychhasicusplnouvybavouvybihalidoosmehopatra,1,1,0
612,httpswwwradonpozemkyczmereniradonustanoveniradonovehoindexupozemku,1,1,0
613,httpswwwsecuritymagazinczdefencevruskupostavitrimonstroznijaderneledoborcetridylidrhtmlutmsourcewwwseznamczutmmediumsekcezinternetu,1,0,1
614,zarenizakladni,1,1,0
615,httpswwwsecuritymagazinczhistorieoperaceoperalikvidaceirackehojadernehoreaktoruvosirakuhtmlutmsourcewwwseznamczutmmediumzboxiku,1,1,0
616,httpswwwsecuritymagazinczsecurityruskyvojenskyanalytikodpalmejadernebombynadyellowstoneazlomemsanandreashtml,1,1,0
617,httpswwwseznamzpravyczclanektrumpzrusiklicovoujadernoudohodusruskemazacnesvyvojemnovychzbraniampseqnodopabvariantsourceclankyhometwitterimpressiontrue,1,1,0
618,httpswwwseznamzpravyczclanektrumpzrusiklicovoujadernoudohodusruskemazacnesvyvojemnovychzbranidopabvariantseqnosourcehp,1,1,0
619,httpswwwseznamzpravyczclanektrumpzrusiklicovoujadernoudohodusruskemazacnesvyvojemnovychzbranidopabvariantseqnosourcehpno,1,1,0
620,httpswwwseznamzpravyczclanektrumpzrusiklicovoujadernoudohodusruskemazacnesvyvojemnovychzbranidopabvariantseqnosourcehptak,1,1,0
621,httpswwwstoplusjednickaczcosestalokdybyjadernacarbombaexplodovalavevesmiruutmsourcewwwseznamczutmmediumsekcezinternetu,1,1,0
622,httpswwwstoplusjednickaczstanislavpetrovmuzkterypredletyzachranilsvetpredjadernouvalkou,1,1,0
623,httpswwwsueneeczindiemahabharatapopisujejadernyvybuch,1,1,0
624,httpswwwsujbczjadernabezpecnostjadernazarizenijadernaelektrarnadukovanydulezitarozhodnutikprovozuedu,1,0,1
625,httpswwwsujbczmonitorovaniradiacnisituace,1,1,0
626,httpswwwsuroczczprirodniozradioaktivitastavebnichmaterialu,1,1,0
627,httpswwwsecuritymagazinczhistorieoperaceoperalikvidaceirackehojadernehoreaktoruvosiraku,1,1,0
